1722612509277
1722614594782
1722623513329
1722628977863
1722636167548
1722643731636
1722651350604
1722657804148
1722665061229
1722672204475
1722679368029
1722686612624
1722693772547
1722701020942
1722708197360
1722715367271
1722722573666
1722730202661
1722737938650
1722744259651
1722751412291
1722758602709
1722765772751
1722773014582
1722780179570
1722787371888
1722794581941
1722801767060
1722808977524
1722816565338
1722824258536
1722830603385
1722837816178
1722845017084
1722852169879
1722859456798
1722866568847
1722873804478
1722881005455
1722888181478
1722895377899
1722902943828
1722910612428
1722917064835
1722924236211
1722931399444
1722938598927
1722945844380
1722952975142
1722960192129
1722967415144
1722974582371
1722981777827
1722989349516
1722997065477
1723003453549
1723010639632
1723017813183
1723024986073
1723032277453
1723039373362
1723046602553
