1722612509277
1722614594782
1722623513329
1722628977863
1722636167548
1722643731636
1722651350604
1722657804148
1722665061229
1722672204475
1722679368029
1722686612624
1722693772547
1722701020942
1722708197360
1722715367271
1722722573666
1722730202661
1722737938650
1722744259651
1722751412291
1722758602709
1722765772751
1722773014582
1722780179570
1722787371888
1722794581941
1722801767060
1722808977524
1722816565338
1722824258536
1722830603385
1722837816178
1722845017084
1722852169879
1722859456798
1722866568847
1722873804478
1722881005455
1722888181478
1722895377899
1722902943828
1722910612428
1722917064835
1722924236211
1722931399444
1722938598927
1722945844380
1722952975142
1722960192129
1722967415144
1722974582371
1722981777827
1722989349516
1722997065477
1723003453549
1723010639632
1723017813183
1723024986073
1723032277453
1723039373362
1723046602553
1723053793877
1723060996208
1723068186772
1723075741354
1723083438830
1723089855302
1723097003851
1723104211170
1723111371831
1723118644619
1723125772144
1723133006502
1723140260826
1723147381565
1723154586755
1723162144990
1723169876753
1723176203072
1723183427407
1723190622356
1723197800881
1723205039212
1723212179611
1723219393590
1723226604696
1723233780514
1723240973870
1723248536269
1723256232863
1723262596755
1723269810488
1723277004357
1723284171924
1723291414308
1723298567234
1723305859147
1723312999260
1723320175302
1723327390530
1723334996989
1723342839760
1723349004618
1723356226028
1723363387302
1723370571222
1723377835806
1723384965046
1723392181413
1723399450430
1723406576796
1723413778873
1723421357489
1723429122519
1723435392153
1723442628646
1723449821297
1723456987128
1723464261412
1723471382553
1723478580393
1723485868741
1723492999702
1723500185401
1723507768340
1723515489884
1723521795752
1723529008027
1723536198412
1723543381582
1723550643657
1723557774652
1723564981140
1723572230956
1723579393064
1723586572087
1723594153239
1723601858086
1723608198769
1723615423579
1723622600141
1723629790342
1723637069228
1723644169998
1723651406982
1723658597550
1723665778644
1723672997946
1723680549511
1723688078995
1723694603010
1723701823230
1723709025373
1723716197605
1723723497640
1723730570515
1723737802973
1723745044260
1723752175557
1723759367800
1723766937338
1723774646158
1723780999903
1723788213126
1723795401937
1723802572554
1723809859030
1723816969559
1723824210731
1723831411581
1723838637796
1723845765500
1723853323770
1723860956968
1723867385720
1723874606612
1723881811954
1723889044234
1723896216438
1723903363463
1723910572574
1723917784511
1723925013274
1723932167404
1723939801588
1723947527941
1723953832870
1723961013733
1723968198336
1723975375065
1723982748226
1723989778853
1723996973262
1724004193426
1724011387798
1724018573766
1724026170425
1724033892849
1724040191507
1724047425854
1724054633309
1724061779421
1724069061519
1724076228960
1724083377537
1724090604214
1724097774259
1724105033263
1724112559581
1724120227030
1724126605717
1724133815101
1724141059263
1724148185808
1724155469445
1724162592097
1724169793438
1724177015141
1724184189672
1724191362563
1724198941313
1724206640149
1724212997879
1724220219133
1724227412765
1724234603481
1724241839085
1724248981928
1724256199895
1724263430557
1724270606431
1724277772363
1724285349548
1724293076528
1724299398994
1724306614163
1724313812851
1724320975134
1724328237117
1724335408655
1724342633239
1724349799876
1724357048633
1724364233555
1724371747304
1724385825143
1724393011665
1724400199322
1724407371959
1724414638395
1724421770619
1724429002376
1724436200204
1724443383265
1724450580918
1724458117114
1724465836539
1724472212223
1724479403722
1724486594718
1724493772952
1724501014186
1724508199383
1724515381235
1724522591029
1724529796411
1724536972335
1724544607193
1724552463548
1724558605855
1724565834688
1724573011821
1724580190124
1724587410399
1724594567319
1724601792378
1724608977441
1724616193049
1724623374280
1724630954339
1724638670278
1724644992237
1724652240883
1724659435368
1724666583197
1724673860632
1724680977182
1724688185487
1724695867882
1724702575693
1724709772456
1724717382357
1724725128295
1724731430187
1724738621884
1724745799326
1724752977539
1724760248046
1724767373496
1724774586860
1724781823748
1724788976181
1724796188177
1724803759862
1724811554580
1724817808335
1724825004192
1724832216617
1724839383071
1724846651596
1724853794828
1724861009463
1724868210438
1724875428888
1724882580416
1724890179632
1724898014254
1724904206896
1724911416315
1724918609298
1724925795239
1724933048135
1724940177007
1724947391338
1724954605147
1724961794084
1724969001616
1724976579678
1724984442861
1724990608578
1724997826289
1725005014684
1725012190819
1725019447352
1725026587631
1725033786971
1725041020355
1725048202424
1725055369270
1725062963372
1725070797516
1725077013169
1725084203323
1725091411103
1725098577394
1725105815747
1725112966701
1725120194162
1725127399048
1725134620060
1725141768820
1725149484516
1725157676800
1725163451118
1725170655361
1725177803267
1725184994021
1725192235986
1725199364893
1725206575084
1725213805920
1725221041950
1725228188159
1725235792709
1725243763416
1725249801590
1725257034277
1725264221904
1725271396010
1725278669213
1725285768386
1725292991556
1725300199725
1725307375144
1725314581661
1725322165608
1725330010875
1725336203280
1725343414187
1725350621322
1725357777340
1725365046741
1725372174546
1725379403483
1725386615352
1725393781622
1725401039814
1725408587111
1725416441770
1725422632422
1725429840574
1725437012771
1725444195124
1725451512560
1725458575603
1725465794576
1725473007536
1725480188348
1725487399370
1725494969260
1725502864040
1725509004429
1725516225038
1725523413790
1725530577913
1725537858193
1725544975272
1725552184535
1725559400165
1725566613526
1725573796855
1725581372089
1725589268305
1725595394780
1725602613033
1725609812518
1725616975295
1725624242895
1725631388043
1725638602126
1725645778699
1725653004695
1725660175626
1725667771416
1725675569452
1725681808102
1725688999671
1725696190515
1725703371224
1725710622876
1725717768533
1725724978794
1725732190436
1725739383616
1725746580138
1725754229737
1725762296714
1725768212892
1725775419276
1725782608471
1725789822386
1725797033213
1725804171353
1725811433006
1725818613434
1725825786234
1725832980422
1725840595938
1725848631334
1725854603287
1725861843240
1725869051280
1725876195837
1725883461714
1725890580200
1725897813821
1725905011322
1725912187766
1725919374882
1725926990858
1725934946232
1725941008071
1725948219161
1725955419306
1725962599916
1725969853888
1725976981987
1725984193745
1725991422559
1725998598473
1726005776914
1726013374986
1726021283076
1726027412974
1726034614419
1726041809130
1726048974807
1726056262855
1726063376445
1726070621652
1726077819141
1726084974111
1726092168209
1726099793968
1726107717084
1726113803650
1726121022096
1726128212607
1726135402586
1726142649457
1726149776095
1726156986451
1726164209634
1726171389851
1726178571734
1726186190426
1726194163790
1726200199320
1726207444859
1726214620919
1726221794661
1726229062805
1726236177462
1726243388488
1726250624662
1726257802080
1726264976034
1726272548397
1726280453018
1726286605374
1726293798280
1726301003946
1726308171871
1726315420734
1726322573410
1726329784762
1726337010892
1726344192193
1726351368232
1726359040718
1726367224467
1726373008860
1726380216149
1726387409689
1726394592133
1726401841771
1726408983381
1726416193469
1726423437385
1726430583796
1726437769167
1726445427753
1726453643972
1726459430169
1726466687583
1726473828172
1726481012239
1726488254373
1726495377795
1726502603604
1726509815174
1726517403657
1726524168697
1726531717653
1726539028158
1726545778304
1726553017180
1726560211451
1726567396207
1726574652938
1726581775130
1726589006996
1726596217983
1726603404080
1726610569675
1726618181648
1726626148515
1726632199962
1726639425092
1726646621896
1726653780484
1726661066658
1726668177812
1726675410199
1726682623739
1726689793600
1726696990969
1726704592339
1726712629433
1726718616889
1726725820070
1726733025810
1726740187334
1726747454488
1726754585906
1726761788369
1726769004800
1726776199164
1726783376966
1726790993697
1726799020593
1726805000823
1726812220919
1726819421933
1726826595976
1726833867055
1726840977230
1726848207565
1726855410549
1726862612543
1726869766500
1726877377473
1726885329496
1726891409345
1726898615745
1726905801727
1726912970446
1726920241686
1726927371024
1726934592952
1726941808235
1726948987585
1726956174367
1726963851718
1726972045410
1726977807186
1726985006747
1726992206100
1726999379526
1727006653044
1727013772725
1727020976332
1727028186907
1727035385407
1727042569819
1727050224057
1727058351160
1727064212988
1727071438017
1727078649344
1727085808887
1727093065691
1727100178678
1727107412443
1727114622991
1727121806997
1727128968012
1727136605946
1727144754829
1727150607798
1727157847813
1727165013238
1727172181413
1727179435139
1727186588651
1727193814417
1727201012150
1727208202460
1727215380126
1727223005434
1727231192928
1727237019119
1727244231871
1727251420691
1727258585665
1727265872087
1727272981067
1727280219916
1727287420208
1727294592703
1727301778695
1727309396810
1727317525918
1727323410101
1727330619621
1727337816023
1727344984617
1727352258343
